	(2207, 'Balzers', 125, 47.0688822, 9.506159),
	(2208, 'Eschen', 125, 47.2126274, 9.5233202),
	(2209, 'Gamprin', 125, 47.2190937, 9.5102476),
	(2210, 'Mauren', 125, 47.2196512, 9.5418065),
	(2211, 'Planken', 125, 47.1858848, 9.5452211),
	(2212, 'Ruggell', 125, 47.2397575, 9.5262871),
	(2213, 'Schaan', 125, 47.1663397, 9.510312),
	(2214, 'Schellenberg', 125, 47.2312022, 9.5458021),
	(2215, 'Triesen', 125, 47.106994, 9.5274876),
	(2216, 'Triesenberg', 125, 47.1186181, 9.5433663),
	(2217, 'Vaduz', 125, 47.1392862, 9.5227962),
	(2477, 'Fontvieille', 145, 43.7277586, 7.418282),
	(2478, 'La Condamine', 145, 43.7341489, 7.4217593),
	(2479, 'Monaco-Ville', 145, 43.7309697, 7.4248152),
	(2480, 'Monte Carlo', 145),
	(2565, 'Yaren', 152),
