	(26101, 'Balzers', 2207, 47.0688822, 9.506159),
	(26102, 'Eschen', 2208, 47.2126274, 9.5233202),
	(26103, 'Gamprin', 2209, 47.2190937, 9.5102476),
	(26104, 'Mauren', 2210, 47.2196512, 9.5418065),
	(26105, 'Planken', 2211, 47.1858848, 9.5452211),
	(26106, 'Ruggell', 2212, 47.2397575, 9.5262871),
	(26107, 'Schaan', 2213, 47.1663397, 9.510312),
	(26108, 'Schellenberg', 2214, 47.2312022, 9.5458021),
	(26109, 'Triesen', 2215, 47.106994, 9.5274876),
	(26110, 'Triesenberg', 2216, 47.1186181, 9.5433663),
	(26111, 'Vaduz', 2217, 47.1392862, 9.5227962),
	(29548, 'Fontvieille', 2477, 43.7277586, 7.418282),
	(29549, 'Monaco-Ville', 2479, 43.7309697, 7.4248152),
	(29784, 'Yaren', 2565),
